0 0.588281 0.520833 0.007812 0.016667
0 0.601562 0.518750 0.012500 0.016667
0 0.717187 0.529167 0.015625 0.016667
0 0.664062 0.526042 0.009375 0.018750
0 0.642188 0.523958 0.012500 0.018750
0 0.577344 0.912500 0.017188 0.020833
0 0.593750 0.913542 0.012500 0.022917
0 0.605469 0.915625 0.010937 0.014583
0 0.620313 0.917708 0.009375 0.018750
0 0.632031 0.916667 0.007812 0.020833
0 0.646875 0.916667 0.009375 0.016667
0 0.657031 0.918750 0.010937 0.012500
0 0.709375 0.919792 0.012500 0.022917
0 0.722656 0.921875 0.007812 0.018750
0 0.733594 0.916667 0.007812 0.016667
0 0.746875 0.915625 0.009375 0.018750
0 0.758594 0.920833 0.010937 0.029167
0 0.773438 0.917708 0.012500 0.022917
0 0.785937 0.920833 0.009375 0.029167
0 0.796875 0.923958 0.009375 0.022917
0 0.809375 0.922917 0.009375 0.016667
